Data to fit:

0
0
1
0
0
4
19
21
20
11
11
13
5
4
2
4
5
4
4
4
6
1
1
2
2
4
5
1
3
2
2
2
4
0
0
1
4
6
1
2
3
0
1
4
3
1
3
2
3
1
4
4
2
2
4
2
5
3
1
1
2
0
1
2
7
3
3
3
1
0
1
2
2
3
3
3
7
1
2
2
2
5
5
6
7
7
2
3
3
3
1
0
2
4
1
3
6
2
3
6
0
5
3
0
1
2
1
3
3
4
1
4
1
0
1
0
4
2
2
1
0
0
2
3
0
1
3
1
1
1
2
0
0
0
0
1
0
2
0
1
0
2
0
2
0
1
0
0
1
0
1
2
1
3
1
1
0
0
0
0
0
0
0
3
1
1
0
0
1
2
0
0
0
0
1
0
0
0
0
0
0
1
0
1
0
0
0
0
1
0
0
0
0
0
0
0
0
0
0
0